Eigenvalues: [0. 1.]
Eigenvectors: [[-0.70710678 -0.70710678]
 [-0.70710678  0.70710678]]
